Fleet #1
Agents 15
A 13.66 3.00 0 1 0.1 0.3
B 13.17 5.30 0 1 0.1 0.3
C 11.79 7.20 0 1 0.1 0.3
D 9.75 8.38 0 1 0.1 0.3
E 7.41 8.63 0 1 0.1 0.3
F 5.17 7.90 0 1 0.1 0.3
H 2.47 4.18 0 1 0.1 0.3
I 2.47 1.82 0 1 0.1 0.3
J 3.42 -0.33 0 1 0.1 0.3
K 5.17 -1.90 0 1 0.1 0.3
L 7.41 -2.63 0 1 0.1 0.3
M 9.75 -2.38 0 1 0.1 0.3
N 11.79 -1.20 0 1 0.1 0.3
O 13.17 0.70 0 1 0.1 0.3
G 2.00 8.00 0 1 1.0 0.00
Fleet #2
Agents 13
a 6.00 0.00 0 1 0.5 0.49
b 8.00 0.00 0 1 0.5 0.49
c 10.00 0.00 0 1 0.5 0.49
d 6.00 2.00 0 1 0.5 0.49
e 8.00 2.00 0 1 0.5 0.49
f 10.00 2.00 0 1 0.5 0.49
h 6.00 4.00 0 1 0.5 0.49
i 8.00 4.00 0 1 0.5 0.49
j 10.00 4.00 0 1 0.5 0.49
k 6.00 6.00 0 1 0.5 0.49
l 8.00 6.00 0 1 0.5 0.49
m 10.00 6.00 0 1 0.5 0.49
g 8.00 3.00 0 1 1.0 0.00
Comms_1 [1 1 1 1 1 1 1 1 1 1 1 1 1 1 1; 1 1 1 1 1 1 1 1 1 1 1 1 1 1 1; 1 1 1 1 1 1 1 1 1 1 1 1 1 1 1; 1 1 1 1 1 1 1 1 1 1 1 1 1 1 1; 1 1 1 1 1 1 1 1 1 1 1 1 1 1 1; 1 1 1 1 1 1 1 1 1 1 1 1 1 1 1; 1 1 1 1 1 1 1 1 1 1 1 1 1 1 1; 1 1 1 1 1 1 1 1 1 1 1 1 1 1 1; 1 1 1 1 1 1 1 1 1 1 1 1 1 1 1; 1 1 1 1 1 1 1 1 1 1 1 1 1 1 1; 1 1 1 1 1 1 1 1 1 1 1 1 1 1 1; 1 1 1 1 1 1 1 1 1 1 1 1 1 1 1; 1 1 1 1 1 1 1 1 1 1 1 1 1 1 1; 1 1 1 1 1 1 1 1 1 1 1 1 1 1 1; 1 1 1 1 1 1 1 1 1 1 1 1 1 1 1] 
Jams_1 [1 1 1 1 1 1 1 1 1 1 1 1 1; 1 1 1 1 1 1 1 1 1 1 1 1 1; 1 1 1 1 1 1 1 1 1 1 1 1 1; 1 1 1 1 1 1 1 1 1 1 1 1 1; 1 1 1 1 1 1 1 1 1 1 1 1 1; 1 1 1 1 1 1 1 1 1 1 1 1 1; 1 1 1 1 1 1 1 1 1 1 1 1 1; 1 1 1 1 1 1 1 1 1 1 1 1 1; 1 1 1 1 1 1 1 1 1 1 1 1 1; 1 1 1 1 1 1 1 1 1 1 1 1 1; 1 1 1 1 1 1 1 1 1 1 1 1 1; 1 1 1 1 1 1 1 1 1 1 1 1 1; 1 1 1 1 1 1 1 1 1 1 1 1 1; 1 1 1 1 1 1 1 1 1 1 1 1 1; 0 0 0 0 0 0 0 0 0 0 0 0 0]
Comms_2 [1 1 1 1 1 1 1 1 1 1 1 1 1; 1 1 1 1 1 1 1 1 1 1 1 1 1; 1 1 1 1 1 1 1 1 1 1 1 1 1; 1 1 1 1 1 1 1 1 1 1 1 1 1; 1 1 1 1 1 1 1 1 1 1 1 1 1; 1 1 1 1 1 1 1 1 1 1 1 1 1; 1 1 1 1 1 1 1 1 1 1 1 1 1; 1 1 1 1 1 1 1 1 1 1 1 1 1; 1 1 1 1 1 1 1 1 1 1 1 1 1; 1 1 1 1 1 1 1 1 1 1 1 1 1; 1 1 1 1 1 1 1 1 1 1 1 1 1; 1 1 1 1 1 1 1 1 1 1 1 1 1; 1 1 1 1 1 1 1 1 1 1 1 1 1]
Jams_2 [1 1 1 1 1 1 1 1 1 1 1 1 1 1 1; 1 1 1 1 1 1 1 1 1 1 1 1 1 1 1; 1 1 1 1 1 1 1 1 1 1 1 1 1 1 1; 1 1 1 1 1 1 1 1 1 1 1 1 1 1 1; 1 1 1 1 1 1 1 1 1 1 1 1 1 1 1; 1 1 1 1 1 1 1 1 1 1 1 1 1 1 1; 1 1 1 1 1 1 1 1 1 1 1 1 1 1 1; 1 1 1 1 1 1 1 1 1 1 1 1 1 1 1; 1 1 1 1 1 1 1 1 1 1 1 1 1 1 1; 1 1 1 1 1 1 1 1 1 1 1 1 1 1 1; 1 1 1 1 1 1 1 1 1 1 1 1 1 1 1; 1 1 1 1 1 1 1 1 1 1 1 1 1 1 1; 0 0 0 0 0 0 0 0 0 0 0 0 0 0 0]